1.28937955451291e-22 1.65579793841660e-22 8.94784878409707e-23 1.09702839294283e-23 6.74974822772835e-24 1.15288870543233e-23 -3.71790476397312e-24 -2.18369187187906e-23 -1.02154174544571e-23 -2.56201973121144e-23 -5.76563707826081e-23 -4.20403084568886e-23 -1.95651438446166e-23 -1.31166104162589e-23 -1.43202881078407e-23 -5.55184728873770e-24 3.29485801411309e-23 6.01839814348860e-23 8.97638546824112e-23 7.55791785804291e-23
1.65579793841660e-22 4.35349595161324e-22 3.73858659039068e-22 1.69986954655552e-22 4.48568464393194e-23 1.30561447760172e-23 -2.54522193600009e-23 -2.05240241781189e-23 -9.02091064966935e-24 -2.57224748757461e-23 -4.71422510225400e-23 -6.86940564409576e-23 -7.63579022173846e-23 1.53445047212441e-24 1.94715213985847e-23 -3.16338393814180e-23 1.81754543308684e-24 3.06535333913317e-23 9.13566774947949e-23 8.24376090937434e-23
8.94784878409707e-23 3.73858659039068e-22 6.47523161293400e-22 4.70235190922967e-22 1.88436135051732e-22 6.98435218824762e-23 1.69898610125378e-23 6.75185072508955e-25 -7.33539539783929e-24 -1.26338136148407e-23 8.21651214629459e-24 7.08537590246117e-24 -3.13362290767757e-23 3.69415874954129e-23 2.98595464134863e-23 3.10786725819391e-23 1.42486080223827e-22 1.67742561638607e-22 1.06524613626075e-22 4.18626600542760e-23
1.09702839294283e-23 1.69986954655552e-22 4.70235190922967e-22 6.24577090984760e-22 4.39001879232688e-22 2.34803135688202e-22 1.44126647138712e-22 8.60862482929800e-23 4.14578930150365e-23 -1.47109918130101e-23 8.14347523269848e-24 3.59904112063965e-26 -6.33412443088714e-25 5.95993721382390e-23 9.75588016394909e-24 2.65309523180347e-23 1.34623949438100e-22 1.45901369290860e-22 7.06963345262799e-23 5.11352032582760e-23
6.74974822772835e-24 4.48568464393194e-23 1.88436135051732e-22 4.39001879232688e-22 6.13849686735423e-22 4.60147958498403e-22 2.96622179408396e-22 1.44765883161109e-22 8.20608856529337e-23 -3.35531207583874e-23 -5.07787881645682e-23 -6.10229986978024e-23 2.97588898158707e-23 7.94995104889247e-23 1.04245176310167e-24 -2.10330750905582e-23 4.82327495363674e-23 6.12202599386682e-23 5.62145286871296e-23 6.93370346787577e-23
1.15288870543233e-23 1.30561447760172e-23 6.98435218824762e-23 2.34803135688202e-22 4.60147958498403e-22 6.64750266573681e-22 5.43564481222447e-22 2.93222656709206e-22 1.46945672269790e-22 -2.05654640646741e-23 -9.82977539162623e-23 -1.15021692140639e-22 6.21711206414084e-24 8.25686446668902e-23 3.38280562787018e-23 7.42837868840454e-24 5.83263162201705e-23 6.56834341494714e-23 8.16563620736575e-23 6.90377752796167e-23
-3.71790476397312e-24 -2.54522193600009e-23 1.69898610125378e-23 1.44126647138712e-22 2.96622179408396e-22 5.43564481222447e-22 6.82965322013760e-22 5.41805498084012e-22 3.02278566660672e-22 8.32975510059890e-23 -1.50707976901021e-23 -4.79945634809631e-23 8.29098925831987e-24 7.43074203511539e-23 9.06700974198185e-23 1.23570778781122e-22 1.65643490844920e-22 1.48938107423700e-22 1.51032179910082e-22 1.10910501761014e-22
-2.18369187187906e-23 -2.05240241781189e-23 6.75185072508955e-25 8.60862482929800e-23 1.44765883161109e-22 2.93222656709206e-22 5.41805498084012e-22 8.27890096431962e-22 6.11955929584746e-22 2.63886586435001e-22 1.79896930392656e-23 -8.15071330155050e-23 -5.67861271517220e-23 1.39725244153410e-23 4.07809977183201e-23 8.17404216823764e-23 2.05841992217477e-22 1.92626755597840e-22 1.37963508092996e-22 3.73312522611536e-23
-1.02154174544571e-23 -9.02091064966935e-24 -7.33539539783929e-24 4.14578930150365e-23 8.20608856529337e-23 1.46945672269790e-22 3.02278566660672e-22 6.11955929584746e-22 6.91189513461670e-22 4.88899455156552e-22 1.94466549537811e-22 -3.36224743703277e-23 -9.07946095890103e-23 -3.09794596091964e-23 -3.10933903509967e-23 -1.82593894508500e-24 1.57230580438125e-22 1.83254087399931e-22 1.15467252733446e-22 5.38665874641506e-23
-2.56201973121144e-23 -2.57224748757461e-23 -1.26338136148407e-23 -1.47109918130101e-23 -3.35531207583874e-23 -2.05654640646741e-23 8.32975510059890e-23 2.63886586435001e-22 4.88899455156552e-22 7.24359917970140e-22 5.81477515835119e-22 2.16421820237192e-22 -3.71077799086216e-23 -8.76259603741854e-23 -1.01554036326812e-22 -4.00844377423354e-23 1.42617242609880e-22 2.25705851440109e-22 1.68039285395505e-22 1.19544512052972e-22
-5.76563707826081e-23 -4.71422510225400e-23 8.21651214629459e-24 8.14347523269848e-24 -5.07787881645682e-23 -9.82977539162623e-23 -1.50707976901021e-23 1.79896930392656e-23 1.94466549537811e-22 5.81477515835119e-22 8.32596719436102e-22 5.74943606147499e-22 1.69820786725895e-22 -5.31818895070694e-24 -6.61298696708129e-23 1.02866867863385e-23 1.67785944656636e-22 1.94659018807757e-22 1.62831441831857e-22 1.53739300722951e-22
-4.20403084568886e-23 -6.86940564409576e-23 7.08537590246117e-24 3.59904112063965e-26 -6.10229986978024e-23 -1.15021692140639e-22 -4.79945634809631e-23 -8.15071330155050e-23 -3.36224743703277e-23 2.16421820237192e-22 5.74943606147499e-22 7.46309608694193e-22 4.89425421907726e-22 2.05966645400201e-22 2.84865966968285e-23 5.14312579358526e-23 1.49854045575983e-22 1.20058142558628e-22 1.30920641396691e-22 1.69324226862207e-22
-1.95651438446166e-23 -7.63579022173846e-23 -3.13362290767757e-23 -6.33412443088714e-25 2.97588898158707e-23 6.21711206414084e-24 8.29098925831987e-24 -5.67861271517220e-23 -9.07946095890103e-23 -3.71077799086216e-23 1.69820786725895e-22 4.89425421907726e-22 6.71658423525283e-22 5.25080350354672e-22 2.31791430784370e-22 6.18092200296319e-23 5.11547875624708e-23 4.93284187930293e-23 5.26599333073211e-23 6.93407706501581e-23
-1.31166104162589e-23 1.53445047212441e-24 3.69415874954129e-23 5.95993721382390e-23 7.94995104889247e-23 8.25686446668902e-23 7.43074203511539e-23 1.39725244153410e-23 -3.09794596091964e-23 -8.76259603741854e-23 -5.31818895070694e-24 2.05966645400201e-22 5.25080350354672e-22 6.70625789632522e-22 4.39902387935167e-22 1.22408946509740e-22 4.98488322013877e-24 2.02156824387246e-23 4.38768979807469e-23 7.04767800557588e-23
-1.43202881078407e-23 1.94715213985847e-23 2.98595464134863e-23 9.75588016394909e-24 1.04245176310167e-24 3.38280562787018e-23 9.06700974198185e-23 4.07809977183201e-23 -3.10933903509967e-23 -1.01554036326812e-22 -6.61298696708129e-23 2.84865966968285e-23 2.31791430784370e-22 4.39902387935167e-22 6.33788681601616e-22 4.66226795299166e-22 1.86180865009141e-22 6.95393994719198e-23 9.02502703192905e-23 8.24091912001292e-23
-5.55184728873770e-24 -3.16338393814180e-23 3.10786725819391e-23 2.65309523180347e-23 -2.10330750905582e-23 7.42837868840454e-24 1.23570778781122e-22 8.17404216823764e-23 -1.82593894508500e-24 -4.00844377423354e-23 1.02866867863385e-23 5.14312579358526e-23 6.18092200296319e-23 1.22408946509740e-22 4.66226795299166e-22 7.53925271626950e-22 5.80887911682914e-22 2.45698672323618e-22 7.75363020768580e-23 1.40856686035125e-23
3.29485801411309e-23 1.81754543308684e-24 1.42486080223827e-22 1.34623949438100e-22 4.82327495363674e-23 5.83263162201705e-23 1.65643490844920e-22 2.05841992217477e-22 1.57230580438125e-22 1.42617242609880e-22 1.67785944656636e-22 1.49854045575983e-22 5.11547875624708e-23 4.98488322013877e-24 1.86180865009141e-22 5.80887911682914e-22 9.33067475560471e-22 7.05182553329906e-22 3.05730750342923e-22 5.02224411496174e-23
6.01839814348860e-23 3.06535333913317e-23 1.67742561638607e-22 1.45901369290860e-22 6.12202599386682e-23 6.56834341494714e-23 1.48938107423700e-22 1.92626755597840e-22 1.83254087399931e-22 2.25705851440109e-22 1.94659018807757e-22 1.20058142558628e-22 4.93284187930293e-23 2.02156824387246e-23 6.95393994719198e-23 2.45698672323618e-22 7.05182553329906e-22 9.25089252898217e-22 6.18548023650332e-22 2.06957474804610e-22
8.97638546824112e-23 9.13566774947949e-23 1.06524613626075e-22 7.06963345262799e-23 5.62145286871296e-23 8.16563620736575e-23 1.51032179910082e-22 1.37963508092996e-22 1.15467252733446e-22 1.68039285395505e-22 1.62831441831857e-22 1.30920641396691e-22 5.26599333073211e-23 4.38768979807469e-23 9.02502703192905e-23 7.75363020768580e-23 3.05730750342923e-22 6.18548023650332e-22 7.33022100883251e-22 4.62317820710537e-22
7.55791785804291e-23 8.24376090937434e-23 4.18626600542760e-23 5.11352032582760e-23 6.93370346787577e-23 6.90377752796167e-23 1.10910501761014e-22 3.73312522611536e-23 5.38665874641506e-23 1.19544512052972e-22 1.53739300722951e-22 1.69324226862207e-22 6.93407706501581e-23 7.04767800557588e-23 8.24091912001292e-23 1.40856686035125e-23 5.02224411496174e-23 2.06957474804610e-22 4.62317820710537e-22 6.65938678447721e-22
