4.73362323661799e-22 6.43506983602539e-22 4.51823341568569e-22 1.50284518174362e-22 -3.68277598660994e-23 -8.73244877417724e-23 -7.11575675075934e-23 -4.84793992983229e-23 -1.99458830524508e-23 2.37787255401692e-23 5.21614213825155e-23 5.17367589602692e-23 4.44105085440245e-23 2.42672208010224e-23 3.33145055073682e-25 -1.03027054857978e-23 4.49991582785312e-24 1.42367635533202e-23 -6.91132882336914e-25 6.70685083884679e-24
6.43506983602539e-22 1.28062679651111e-21 1.22324863888162e-21 6.64841067853437e-22 1.77623503095592e-22 -6.34909870872672e-23 -1.37045379985797e-22 -1.32812902096516e-22 -8.73209672673551e-23 -5.10742677855679e-24 6.58792820265085e-23 1.03516608905881e-22 8.99554237931252e-23 3.94519950744485e-23 3.85647976413022e-24 -1.31037625196174e-23 -3.01688664857454e-24 1.27723254857323e-23 -1.90146975948096e-23 -1.90489934646302e-23
4.51823341568569e-22 1.22324863888162e-21 1.79085968136413e-21 1.50798000665254e-21 7.99675582833440e-22 1.87346619853866e-22 -1.40721364729315e-22 -2.14148293064751e-22 -1.69224019816251e-22 -8.61261664626441e-23 -1.82170188472752e-23 3.65139204585768e-23 3.85250913233152e-23 -3.68372077742203e-24 -2.01567284910205e-23 -4.53252645658583e-23 -5.12948713031847e-23 -1.77464650934315e-23 -3.14070060496859e-24 1.53096133768880e-23
1.50284518174362e-22 6.64841067853437e-22 1.50798000665254e-21 2.03392647965061e-21 1.58885919426696e-21 6.71462616016858e-22 -9.56345109214348e-24 -2.38972874731701e-22 -2.35911918792287e-22 -1.69881131316879e-22 -1.44585652334670e-22 -1.17488226669982e-22 -9.01207841570387e-23 -7.24526595502476e-23 -3.55656025172271e-23 -4.42684404266795e-23 -9.22291454292888e-23 -6.30667981302203e-23 1.28725860885745e-23 6.96012666953821e-23
-3.68277598660994e-23 1.77623503095592e-22 7.99675582833440e-22 1.58885919426696e-21 1.86643118411063e-21 1.24882291588914e-21 3.91547401567792e-22 -8.60957834746605e-23 -2.23775820083262e-22 -2.19418188271592e-22 -2.18288813238077e-22 -2.16358331922533e-22 -1.89626919426800e-22 -1.48137254793203e-22 -8.20963943040572e-23 -5.17803411441142e-23 -9.11634720038553e-23 -5.50727486538104e-23 2.61538607097531e-23 7.52724014199218e-23
-8.73244877417724e-23 -6.34909870872672e-23 1.87346619853866e-22 6.71462616016858e-22 1.24882291588914e-21 1.46612864660079e-21 1.00442176516581e-21 3.84028315810270e-22 -2.87339055934278e-23 -1.98842198620167e-22 -2.39782137811772e-22 -2.21523849211263e-22 -1.87098403751615e-22 -1.50412906894495e-22 -1.16274682288191e-22 -8.56894211131035e-23 -8.28275465960969e-23 -4.22423337249257e-23 3.61442560552118e-24 3.14028394004266e-23
-7.11575675075934e-23 -1.37045379985797e-22 -1.40721364729315e-22 -9.56345109214348e-24 3.91547401567792e-22 1.00442176516581e-21 1.35125554284759e-21 9.91049293269809e-22 3.47759367691785e-22 -8.07503967943563e-23 -2.38170620660139e-22 -1.85191563487903e-22 -1.31544913058905e-22 -1.12080744915041e-22 -1.11801702359877e-22 -9.56950785132491e-23 -5.05323797532671e-23 -3.45622921741356e-24 1.07066846052456e-24 1.02960298654159e-23
-4.84793992983229e-23 -1.32812902096516e-22 -2.14148293064751e-22 -2.38972874731701e-22 -8.60957834746605e-23 3.84028315810270e-22 9.91049293269809e-22 1.26150051161435e-21 8.43485472346092e-22 2.44250265276192e-22 -1.20209610842587e-22 -1.87151575188175e-22 -1.64345651545967e-22 -1.37698528691937e-22 -1.25487141790787e-22 -9.56773290193466e-23 -3.75135617689654e-23 3.11362088529017e-24 4.14111515252577e-25 7.42367210039993e-25
-1.99458830524508e-23 -8.73209672673551e-23 -1.69224019816251e-22 -2.35911918792287e-22 -2.23775820083262e-22 -2.87339055934278e-23 3.47759367691785e-22 8.43485472346092e-22 1.09216205621383e-21 7.42556971549588e-22 2.42748337029294e-22 -5.12197443842561e-23 -1.54270456952542e-22 -1.57944214416262e-22 -1.35504528204518e-22 -1.05728922381449e-22 -7.09806367165216e-23 -2.08041180853778e-23 -5.11094017233853e-24 -2.00551700675543e-24
2.37787255401692e-23 -5.10742677855679e-24 -8.61261664626441e-23 -1.69881131316879e-22 -2.19418188271592e-22 -1.98842198620167e-22 -8.07503967943563e-23 2.44250265276192e-22 7.42556971549588e-22 9.97785944750737e-22 7.13911066884065e-22 2.58595560951250e-22 -2.64519508754615e-23 -1.19184711371701e-22 -1.01514784075402e-22 -5.98804185657371e-23 -5.15253071261929e-23 -2.03564580353641e-23 -8.93157938023464e-24 -8.52187807662279e-24
5.21614213825155e-23 6.58792820265085e-23 -1.82170188472752e-23 -1.44585652334670e-22 -2.18288813238077e-22 -2.39782137811772e-22 -2.38170620660139e-22 -1.20209610842587e-22 2.42748337029294e-22 7.13911066884065e-22 9.66952468519762e-22 7.05107715113952e-22 2.74908407880924e-22 5.59161160053611e-25 -7.95967540379799e-23 -5.46808226594097e-23 -3.45281188725120e-23 -2.43757509128093e-23 -2.01012951681956e-23 -1.62734996850263e-23
5.17367589602692e-23 1.03516608905881e-22 3.65139204585768e-23 -1.17488226669982e-22 -2.16358331922533e-22 -2.21523849211263e-22 -1.85191563487903e-22 -1.87151575188175e-22 -5.12197443842561e-23 2.58595560951250e-22 7.05107715113952e-22 9.62975220569884e-22 6.88119965425916e-22 2.48425379560600e-22 -3.38395939150047e-24 -5.29133081711289e-23 -4.36151712282312e-23 -4.07535708134514e-23 -3.24089948653543e-23 -1.98033229473719e-23
4.44105085440245e-23 8.99554237931252e-23 3.85250913233152e-23 -9.01207841570387e-23 -1.89626919426800e-22 -1.87098403751615e-22 -1.31544913058905e-22 -1.64345651545967e-22 -1.54270456952542e-22 -2.64519508754615e-23 2.74908407880924e-22 6.88119965425916e-22 9.12929080747847e-22 6.38148899200048e-22 2.44460457986029e-22 1.29136969158306e-23 -8.69476054869103e-23 -9.51953706677888e-23 -5.09850720989910e-23 -1.51180314447878e-23
2.42672208010224e-23 3.94519950744485e-23 -3.68372077742203e-24 -7.24526595502476e-23 -1.48137254793203e-22 -1.50412906894495e-22 -1.12080744915041e-22 -1.37698528691937e-22 -1.57944214416262e-22 -1.19184711371701e-22 5.59161160053611e-25 2.48425379560600e-22 6.38148899200048e-22 8.43073613671816e-22 6.05221520603606e-22 2.35071065043439e-22 -4.05143314715918e-24 -7.24695444058677e-23 -5.53822750867432e-23 -3.49084425570581e-23
3.33145055073682e-25 3.85647976413022e-24 -2.01567284910205e-23 -3.55656025172271e-23 -8.20963943040572e-23 -1.16274682288191e-22 -1.11801702359877e-22 -1.25487141790787e-22 -1.35504528204518e-22 -1.01514784075402e-22 -7.95967540379799e-23 -3.38395939150047e-24 2.44460457986029e-22 6.05221520603606e-22 8.37909929907529e-22 6.00038589938486e-22 2.13529954427434e-22 -3.32414340653365e-24 -8.40005822763247e-23 -7.96809827434738e-23
-1.03027054857978e-23 -1.31037625196174e-23 -4.53252645658583e-23 -4.42684404266795e-23 -5.17803411441142e-23 -8.56894211131035e-23 -9.56950785132491e-23 -9.56773290193466e-23 -1.05728922381449e-22 -5.98804185657371e-23 -5.46808226594097e-23 -5.29133081711289e-23 1.29136969158306e-23 2.35071065043439e-22 6.00038589938486e-22 7.78893886710068e-22 5.15980971971079e-22 1.69665550509382e-22 -5.81018720334746e-23 -1.05887472812290e-22
4.49991582785312e-24 -3.01688664857454e-24 -5.12948713031847e-23 -9.22291454292888e-23 -9.11634720038553e-23 -8.28275465960969e-23 -5.05323797532671e-23 -3.75135617689654e-23 -7.09806367165216e-23 -5.15253071261929e-23 -3.45281188725120e-23 -4.36151712282312e-23 -8.69476054869103e-23 -4.05143314715918e-24 2.13529954427434e-22 5.15980971971079e-22 6.95447079895169e-22 4.81007082043841e-22 1.19995483093918e-22 -6.51755375288956e-23
1.42367635533202e-23 1.27723254857323e-23 -1.77464650934315e-23 -6.30667981302203e-23 -5.50727486538104e-23 -4.22423337249257e-23 -3.45622921741356e-24 3.11362088529017e-24 -2.08041180853778e-23 -2.03564580353641e-23 -2.43757509128093e-23 -4.07535708134514e-23 -9.51953706677888e-23 -7.24695444058677e-23 -3.32414340653365e-24 1.69665550509382e-22 4.81007082043841e-22 6.95200979650098e-22 4.59794743264339e-22 1.45291374407685e-22
-6.91132882336914e-25 -1.90146975948096e-23 -3.14070060496859e-24 1.28725860885745e-23 2.61538607097531e-23 3.61442560552118e-24 1.07066846052456e-24 4.14111515252577e-25 -5.11094017233853e-24 -8.93157938023464e-24 -2.01012951681956e-23 -3.24089948653543e-23 -5.09850720989910e-23 -5.53822750867432e-23 -8.40005822763247e-23 -5.81018720334746e-23 1.19995483093918e-22 4.59794743264339e-22 6.55685932790628e-22 4.81803529772485e-22
6.70685083884679e-24 -1.90489934646302e-23 1.53096133768880e-23 6.96012666953821e-23 7.52724014199218e-23 3.14028394004266e-23 1.02960298654159e-23 7.42367210039993e-25 -2.00551700675543e-24 -8.52187807662279e-24 -1.62734996850263e-23 -1.98033229473719e-23 -1.51180314447878e-23 -3.49084425570581e-23 -7.96809827434738e-23 -1.05887472812290e-22 -6.51755375288956e-23 1.45291374407685e-22 4.81803529772485e-22 7.13238284616343e-22
