+4.46250246454418997751e-22	+7.09735349929182640544e-22	+6.25030541271149353958e-22	+3.37089388388533141349e-22	+7.88321517972186288735e-23	-4.68333117010894237261e-23	-6.91695667545704953592e-23	-4.99476441149875670464e-23	-2.71793733743270600356e-23	-1.26048579471702494568e-23	-5.52634283518928092439e-24	-2.60849191530477027000e-24	-1.50515282692970286268e-24	-1.10189229921236004208e-24	-9.06435427326980742895e-25	-7.56619895526350566130e-25	-6.48194255284368959227e-25	-5.48622138881077227631e-25	-4.46223106342274736280e-25	-3.79603475260350296901e-25	
+7.09735349929182640544e-22	+1.57332434409637095335e-21	+1.72845808743415595270e-21	+1.15836667736030029844e-21	+4.39646942324995390648e-22	-1.26920329736416304776e-23	-1.63735121960032699335e-22	-1.51177419538665825368e-22	-9.49465740580353199257e-23	-4.88458536983146536266e-23	-2.26875826635592673707e-23	-1.06120361068275141638e-23	-5.71817719259780179863e-24	-3.81676900670273673709e-24	-2.96732345898327403509e-24	-2.45805534175957281445e-24	-2.07604804977851614256e-24	-1.75082840929552870205e-24	-1.47020430395955834612e-24	-1.24591491643649124989e-24	
+6.25030541271149353958e-22	+1.72845808743415595270e-21	+2.57576674207609229540e-21	+2.26533813573132473769e-21	+1.23079754447694653844e-21	+3.09299583806208578377e-22	-1.53893557826303039513e-22	-2.56216522455702960217e-22	-2.00315690986081316173e-22	-1.18836155717038282701e-22	-6.06102546621764737621e-23	-2.92166544155641940464e-23	-1.49315869351123980104e-23	-8.98258919717090513834e-24	-6.45704067894261564119e-24	-5.15721681990744391417e-24	-4.27748237902927050403e-24	-3.60427276795974662752e-24	-3.05685383923261754406e-24	-2.57090319162396807830e-24	
+3.37089388388533141349e-22	+1.15836667736030029844e-21	+2.26533813573132473769e-21	+2.80386813965331462317e-21	+2.15828767130083296847e-21	+1.01059640034243530529e-21	+1.44663096883649921007e-22	-2.33773411541807187200e-22	-2.83834861983763561604e-22	-2.07451027702774117021e-22	-1.21196945394241061943e-22	-6.29241021037800298289e-23	-3.19410882772410170694e-23	-1.76645529595029433283e-23	-1.14381042294703815653e-23	-8.54023352797020477145e-24	-6.89360496051347115631e-24	-5.73479824415216014091e-24	-4.82897111044602077745e-24	-4.07524646265340277565e-24	
+7.88321517972186288735e-23	+4.39646942324995390648e-22	+1.23079754447694653844e-21	+2.15828767130083296847e-21	+2.49790682167516287274e-21	+1.81852370978039277223e-21	+7.87862359905517810018e-22	+5.77417014791953402663e-23	-2.40805179170355481485e-22	-2.65252727571984028818e-22	-1.90343392875216602423e-22	-1.12061460306881053400e-22	-5.98830189928498278432e-23	-3.19465943453262238418e-23	-1.87363040739648639775e-23	-1.26783861407154038313e-23	-9.66030230818934218797e-24	-7.83375667910428441302e-24	-6.50109837512394177837e-24	-5.45645301770703214140e-24	
-4.68333117010894237261e-23	-1.26920329736416304776e-23	+3.09299583806208578377e-22	+1.01059640034243530529e-21	+1.81852370978039277223e-21	+2.12265555991370386261e-21	+1.53773407824502042156e-21	+6.54551963994408385012e-22	+3.58524363656664134691e-23	-2.13456998506011210056e-22	-2.31609861974423257626e-22	-1.67038093040150929407e-22	-1.00038436162509391724e-22	-5.50646602163817223170e-23	-3.05868671763324624952e-23	-1.86831820037330940413e-23	-1.29793092276769314077e-23	-9.97877523820537489998e-24	-8.09075118394998621935e-24	-6.69959475802038474636e-24	
-6.91695667545704953592e-23	-1.63735121960032699335e-22	-1.53893557826303039513e-22	+1.44663096883649921007e-22	+7.87862359905517810018e-22	+1.53773407824502042156e-21	+1.85359875403518522491e-21	+1.35801537514869179865e-21	+5.83994315197554082748e-22	+4.00640588207416285260e-23	-1.80503887522969142560e-22	-1.99409819655047476328e-22	-1.45756766403498145152e-22	-8.89227346110714341874e-23	-5.02367106271778682341e-23	-2.87972291739582532835e-23	-1.80856675589897835244e-23	-1.27585168714138160082e-23	-9.85354043345516209776e-24	-7.98192914394699911867e-24	
-4.99476441149875670464e-23	-1.51177419538665825368e-22	-2.56216522455702960217e-22	-2.33773411541807187200e-22	+5.77417014791953402663e-23	+6.54551963994408385012e-22	+1.35801537514869179865e-21	+1.67815896075528479555e-21	+1.24200530121777872640e-21	+5.42559814300657608220e-22	+4.98036892308853376343e-23	-1.51939711151859417460e-22	-1.72860510123827584451e-22	-1.28239195534262414024e-22	-7.95773836359950271059e-23	-4.59515061275219314570e-23	-2.69918968112948057515e-23	-1.73010888740274269637e-23	-1.23358917266157492506e-23	-9.54523561919631437928e-24	
-2.71793733743270600356e-23	-9.49465740580353199257e-23	-2.00315690986081316173e-22	-2.83834861983763561604e-22	-2.40805179170355481485e-22	+3.58524363656664134691e-23	+5.83994315197554082748e-22	+1.24200530121777872640e-21	+1.55726105582424110698e-21	+1.16020451746117230884e-21	+5.14073855495485667962e-22	+5.88928447102920228417e-23	-1.28964369683729963080e-22	-1.51628829278198785499e-22	-1.14082570057834796009e-22	-7.18499999820434639175e-23	-4.22679625263133368988e-23	-2.53350724669386197067e-23	-1.64963814446909829574e-23	-1.18440322331363981230e-23	
-1.26048579471702494568e-23	-4.88458536983146536266e-23	-1.18836155717038282701e-22	-2.07451027702774117021e-22	-2.65252727571984028818e-22	-2.13456998506011210056e-22	+4.00640588207416285260e-23	+5.42559814300657608220e-22	+1.16020451746117230884e-21	+1.46764153441234802153e-21	+1.09825698195658650895e-21	+4.92445336459072688185e-22	+6.63361423163116569582e-23	-1.10590649874307717818e-22	-1.34535873504052606048e-22	-1.02547947299077481385e-22	-6.54420224704880545591e-23	-3.91184371319517350911e-23	-2.38372929180100948486e-23	-1.57133677824147702636e-23	
-5.52634283518928092439e-24	-2.26875826635592673707e-23	-6.06102546621764737621e-23	-1.21196945394241061943e-22	-1.90343392875216602423e-22	-2.31609861974423257626e-22	-1.80503887522969142560e-22	+4.98036892308853376343e-23	+5.14073855495485667962e-22	+1.09825698195658650895e-21	+1.39788984414370826034e-21	+1.04932053561896817846e-21	+4.75201512235628012197e-22	+7.23471822437316694470e-23	-9.57016202331869319126e-23	-1.20588147324574464993e-22	-9.30268225063900872844e-23	-6.00506019300950991050e-23	-3.63906330505019420078e-23	-2.24917640731484050922e-23	
-2.60849191530477027000e-24	-1.06120361068275141638e-23	-2.92166544155641940464e-23	-6.29241021037800298289e-23	-1.12061460306881053400e-22	-1.67038093040150929407e-22	-1.99409819655047476328e-22	-1.51939711151859417460e-22	+5.88928447102920228417e-23	+4.92445336459072688185e-22	+1.04932053561896817846e-21	+1.34191424343074489659e-21	+1.00963790780513630416e-21	+4.61088270703922014157e-22	+7.72330668045134555356e-23	-8.34531309207057113229e-23	-1.09015947920705278125e-22	-8.50396772329960181234e-23	-5.54619377838734441990e-23	-3.40175581370753613441e-23	
-1.50515282692970286268e-24	-5.71817719259780179863e-24	-1.49315869351123980104e-23	-3.19410882772410170694e-23	-5.98830189928498278432e-23	-1.00038436162509391724e-22	-1.45756766403498145152e-22	-1.72860510123827584451e-22	-1.28964369683729963080e-22	+6.63361423163116569582e-23	+4.75201512235628012197e-22	+1.00963790780513630416e-21	+1.29601574341727671140e-21	+9.76807635547437204018e-22	+4.49311165038252925668e-22	+8.12780305270896801424e-23	-7.32095199611060573622e-23	-9.92855721851266830199e-23	-7.82663485881962663628e-23	-5.15023186203682497757e-23	
-1.10189229921236004208e-24	-3.81676900670273673709e-24	-8.98258919717090513834e-24	-1.76645529595029433283e-23	-3.19465943453262238418e-23	-5.50646602163817223170e-23	-8.89227346110714341874e-23	-1.28239195534262414024e-22	-1.51628829278198785499e-22	-1.10590649874307717818e-22	+7.23471822437316694470e-23	+4.61088270703922014157e-22	+9.76807635547437204018e-22	+1.25771436840618548563e-21	+9.49226448657190554784e-22	+4.39351039084483599554e-22	+8.46656566086406143500e-23	-6.45443737359970384900e-23	-9.09937773318488990384e-23	-7.24415608518146963226e-23	
-9.06435427326980742895e-25	-2.96732345898327403509e-24	-6.45704067894261564119e-24	-1.14381042294703815653e-23	-1.87363040739648639775e-23	-3.05868671763324624952e-23	-5.02367106271778682341e-23	-7.95773836359950271059e-23	-1.14082570057834796009e-22	-1.34535873504052606048e-22	-9.57016202331869319126e-23	+7.72330668045134555356e-23	+4.49311165038252925668e-22	+9.49226448657190554784e-22	+1.22529946154642755893e-21	+9.25729020414606410595e-22	+4.30801070272337686417e-22	+8.75451644691636908100e-23	-5.71136731133268940544e-23	-8.38722461083737572864e-23	
-7.56619895526350566130e-25	-2.45805534175957281445e-24	-5.15721681990744391417e-24	-8.54023352797020477145e-24	-1.26783861407154038313e-23	-1.86831820037330940413e-23	-2.87972291739582532835e-23	-4.59515061275219314570e-23	-7.18499999820434639175e-23	-1.02547947299077481385e-22	-1.20588147324574464993e-22	-8.34531309207057113229e-23	+8.12780305270896801424e-23	+4.39351039084483599554e-22	+9.25729020414606410595e-22	+1.19750113527390713066e-21	+9.05480170485297175513e-22	+4.23393974051718813126e-22	+8.99971637414427002894e-23	-5.06980936071463943357e-23	
-6.48194255284368959227e-25	-2.07604804977851614256e-24	-4.27748237902927050403e-24	-6.89360496051347115631e-24	-9.66030230818934218797e-24	-1.29793092276769314077e-23	-1.80856675589897835244e-23	-2.69918968112948057515e-23	-4.22679625263133368988e-23	-6.54420224704880545591e-23	-9.30268225063900872844e-23	-1.09015947920705278125e-22	-7.32095199611060573622e-23	+8.46656566086406143500e-23	+4.30801070272337686417e-22	+9.05480170485297175513e-22	+1.17341421141626182043e-21	+8.87827350397538813704e-22	+4.16891248458342217514e-22	+9.21343262558157102556e-23	
-5.48622138881077227631e-25	-1.75082840929552870205e-24	-3.60427276795974662752e-24	-5.73479824415216014091e-24	-7.83375667910428441302e-24	-9.97877523820537489998e-24	-1.27585168714138160082e-23	-1.73010888740274269637e-23	-2.53350724669386197067e-23	-3.91184371319517350911e-23	-6.00506019300950991050e-23	-8.50396772329960181234e-23	-9.92855721851266830199e-23	-6.45443737359970384900e-23	+8.75451644691636908100e-23	+4.23393974051718813126e-22	+8.87827350397538813704e-22	+1.15231929026370626389e-21	+8.72327449794283100610e-22	+4.11156637160532139742e-22	
-4.46223106342274736280e-25	-1.47020430395955834612e-24	-3.05685383923261754406e-24	-4.82897111044602077745e-24	-6.50109837512394177837e-24	-8.09075118394998621935e-24	-9.85354043345516209776e-24	-1.23358917266157492506e-23	-1.64963814446909829574e-23	-2.38372929180100948486e-23	-3.63906330505019420078e-23	-5.54619377838734441990e-23	-7.82663485881962663628e-23	-9.09937773318488990384e-23	-5.71136731133268940544e-23	+8.99971637414427002894e-23	+4.16891248458342217514e-22	+8.72327449794283100610e-22	+1.13371111799196844948e-21	+8.58584263995173065073e-22	
-3.79603475260350296901e-25	-1.24591491643649124989e-24	-2.57090319162396807830e-24	-4.07524646265340277565e-24	-5.45645301770703214140e-24	-6.69959475802038474636e-24	-7.98192914394699911867e-24	-9.54523561919631437928e-24	-1.18440322331363981230e-23	-1.57133677824147702636e-23	-2.24917640731484050922e-23	-3.40175581370753613441e-23	-5.15023186203682497757e-23	-7.24415608518146963226e-23	-8.38722461083737572864e-23	-5.06980936071463943357e-23	+9.21343262558157102556e-23	+4.11156637160532139742e-22	+8.58584263995173065073e-22	+1.11717127881479469630e-21	

