+3.91960429625020357954e-22	+6.62548146007255940044e-22	+6.07299022591922977494e-22	+3.35755959141192050163e-22	+8.00595463681995686550e-23	-4.72339633400062240615e-23	-7.04326780734456915038e-23	-5.10151956040497148392e-23	-2.77768676456483971626e-23	-1.28573207930141559102e-23	-5.59881585488828233722e-24	-2.62511451603928822507e-24	-1.51720399289442072800e-24	-1.10362749787531522533e-24	-9.02675246446124857471e-25	-7.58565521123818654740e-25	-6.47152987408456991275e-25	-5.48417699471426390378e-25	-4.55541022201057781876e-25	-3.86067431689533877188e-25	
+6.62548146007255940044e-22	+1.44082613117255268126e-21	+1.61396793046638564291e-21	+1.10362088289294057589e-21	+4.20849911015470797569e-22	-2.05211809793837983376e-23	-1.69218130141064139767e-22	-1.55125058597053057081e-22	-9.72618313888069605322e-23	-4.99290561634727899319e-23	-2.30904233029330472055e-23	-1.07353175398705487432e-23	-5.75214295826269117453e-24	-3.82277313658888933263e-24	-2.96961767465705778485e-24	-2.46370299787838556907e-24	-2.08220727554230978296e-24	-1.75928766195412165087e-24	-1.48194877219389047713e-24	-1.25240996767172707752e-24	
+6.07299022591922977494e-22	+1.61396793046638564291e-21	+2.33521925348380797625e-21	+2.05888763752784405717e-21	+1.12284469965951373333e-21	+2.65075392872472277879e-22	-1.72906343558852419757e-22	-2.66331966445609091746e-22	-2.06029851027744651237e-22	-1.21755351076499656351e-22	-6.18873996781667764490e-23	-2.96769950512830740611e-23	-1.50641465764804338949e-23	-9.01979256639848652381e-24	-6.47120635794596732044e-24	-5.17270077002065734697e-24	-4.30375359112411817033e-24	-3.62651980736475754047e-24	-3.06509323005780550891e-24	-2.57898391445813494350e-24	
+3.35755959141192050163e-22	+1.10362088289294057589e-21	+2.05888763752784405717e-21	+2.45422032139582383241e-21	+1.87295952817025294222e-21	+8.61523539207179803037e-22	+8.29980162400172286724e-23	-2.58993944855972520122e-22	-2.95694735252151246834e-22	-2.13469155403487549590e-22	-1.24085868244543730372e-22	-6.41474312542216402293e-23	-3.23798345916301195695e-23	-1.77984532424512083558e-23	-1.14878922951756516271e-23	-8.57572614370978730684e-24	-6.93081176481284623124e-24	-5.77136589472045228118e-24	-4.85174437184193962340e-24	-4.08373946851956324612e-24	
+8.00595463681995686550e-23	+4.20849911015470797569e-22	+1.12284469965951373333e-21	+1.87295952817025294222e-21	+2.07707469518742990554e-21	+1.48942631189909553197e-21	+6.18491834513653217805e-22	-1.11448719140975374079e-23	-2.67611952383534713543e-22	-2.76888768529105251844e-22	-1.95876012799561896026e-22	-1.14635908547657807588e-22	-6.09720121911220306328e-23	-3.23483691504549213668e-23	-1.88744694400103710200e-23	-1.27453418654321406891e-23	-9.70832000513380170767e-24	-7.87677432565717365290e-24	-6.54256472342611340753e-24	-5.48169221348525534742e-24	
-4.72339633400062240615e-23	-2.05211809793837983376e-23	+2.65075392872472277879e-22	+8.61523539207179803037e-22	+1.48942631189909553197e-21	+1.66927582918623163321e-21	+1.19068668929251890148e-21	+4.77721138549209795669e-22	-3.48886482251191938381e-23	-2.39882250054780285683e-22	-2.42408041156985981006e-22	-1.71941082634200008920e-22	-1.02279344984986571962e-22	-5.60215524540780745662e-23	-3.09546670685061548940e-23	-1.88196983319689446832e-23	-1.30508776392324023634e-23	-1.00326877711064593916e-23	-8.13830625206655505924e-24	-6.74158153071472784984e-24	
-7.04326780734456915038e-23	-1.69218130141064139767e-22	-1.72906343558852419757e-22	+8.29980162400172286724e-23	+6.18491834513653217805e-22	+1.19068668929251890148e-21	+1.38781050988237085859e-21	+1.00427165898627005983e-21	+4.04660491195669225522e-22	-3.08078793597727685949e-23	-2.06163724674742575923e-22	-2.09399004178411651344e-22	-1.50116369923306025626e-22	-9.08860151477182713005e-23	-5.10821273385585785494e-23	-2.91305713608295187743e-23	-1.82174500605194261904e-23	-1.28343235878192943311e-23	-9.90908181439511155720e-24	-8.02705346532161679959e-24	
-5.10151956040497148392e-23	-1.55125058597053057081e-22	-2.66331966445609091746e-22	-2.58993944855972520122e-22	-1.11448719140975374079e-23	+4.77721138549209795669e-22	+1.00427165898627005983e-21	+1.20732075085591394648e-21	+8.85322078931168349050e-22	+3.62198641215031483268e-22	-2.08570287418054216718e-23	-1.76915537399725652620e-22	-1.82201614664941564882e-22	-1.32171970894088106264e-22	-8.13190113205553257029e-23	-4.67070429272283526255e-23	-2.72999223087016842253e-23	-1.74271317473934516665e-23	-1.24083174775303524488e-23	-9.59754375925736715175e-24	
-2.77768676456483971626e-23	-9.72618313888069605322e-23	-2.06029851027744651237e-22	-2.95694735252151246834e-22	-2.67611952383534713543e-22	-3.48886482251191938381e-23	+4.04660491195669225522e-22	+8.85322078931168349050e-22	+1.08375431933564699141e-21	+8.01812623356400509630e-22	+3.33131077345230617968e-22	-1.15451620896608793554e-23	-1.53402943864112783873e-22	-1.60466635249021465593e-22	-1.17683506554206115691e-22	-7.34217911940213688095e-23	-4.29517984145106677822e-23	-2.56158947622859165067e-23	-1.66123976165638276553e-23	-1.19135615588814303224e-23	
-1.28573207930141559102e-23	-4.99290561634727899319e-23	-1.21755351076499656351e-22	-2.13469155403487549590e-22	-2.76888768529105251844e-22	-2.39882250054780285683e-22	-3.08078793597727685949e-23	+3.62198641215031483268e-22	+8.01812623356400509630e-22	+9.92380051085316741279e-22	+7.38679182757590043437e-22	+3.11094421690809183148e-22	-3.91998733520396671605e-24	-1.34612280127458728132e-22	-1.42986589083035064926e-22	-1.05889009166449990537e-22	-6.68723234051708022831e-23	-3.97390710856516112707e-23	-2.40960999528119412864e-23	-1.58228116821711446598e-23	
-5.59881585488828233722e-24	-2.30904233029330472055e-23	-6.18873996781667764490e-23	-1.24085868244543730372e-22	-1.95876012799561896026e-22	-2.42408041156985981006e-22	-2.06163724674742575923e-22	-2.08570287418054216718e-23	+3.33131077345230617968e-22	+7.38679182757590043437e-22	+9.21340773214055541127e-22	+6.88851638969906486582e-22	+2.93538931677728664006e-22	+2.22786650028975068435e-24	-1.19397296396106700737e-22	-1.28726015945389343706e-22	-9.61548991352310831644e-23	-6.13673826810897420612e-23	-3.69617838790268478020e-23	-2.27298616047239197197e-23	
-2.62511451603928822507e-24	-1.07353175398705487432e-23	-2.96769950512830740611e-23	-6.41474312542216402293e-23	-1.14635908547657807588e-22	-1.71941082634200008920e-22	-2.09399004178411651344e-22	-1.76915537399725652620e-22	-1.15451620896608793554e-23	+3.11094421690809183148e-22	+6.88851638969906486582e-22	+8.64373910306110576370e-22	+6.48466321213637237181e-22	+2.79176124883788543171e-22	+7.22765322294236118723e-24	-1.06883134941719789078e-22	-1.16903109872176631158e-22	-8.79975455130711993658e-23	-5.66831748984531863893e-23	-3.45428283250818197221e-23	
-1.51720399289442072800e-24	-5.75214295826269117453e-24	-1.50641465764804338949e-23	-3.23798345916301195695e-23	-6.09720121911220306328e-23	-1.02279344984986571962e-22	-1.50116369923306025626e-22	-1.82201614664941564882e-22	-1.53402943864112783873e-22	-3.91998733520396671605e-24	+2.93538931677728664006e-22	+6.48466321213637237181e-22	+8.17687596342288349528e-22	+6.15078528930240894874e-22	+2.67200990880797655034e-22	+1.13618680576020876996e-23	-9.64269458762369503105e-23	-1.06965285286856958447e-22	-8.10791187088527796274e-23	-5.26469778473331383716e-23	
-1.10362749787531522533e-24	-3.82277313658888933263e-24	-9.01979256639848652381e-24	-1.77984532424512083558e-23	-3.23483691504549213668e-23	-5.60215524540780745662e-23	-9.08860151477182713005e-23	-1.32171970894088106264e-22	-1.60466635249021465593e-22	-1.34612280127458728132e-22	+2.22786650028975068435e-24	+2.79176124883788543171e-22	+6.15078528930240894874e-22	+7.78753019072419847927e-22	+5.87039112844666412787e-22	+2.57073001712186381134e-22	+1.48239619224709907086e-23	-8.75818082983583111632e-23	-9.85045917970006608758e-23	-7.51377355799653551453e-23	
-9.02675246446124857471e-25	-2.96961767465705778485e-24	-6.47120635794596732044e-24	-1.14878922951756516271e-23	-1.88744694400103710200e-23	-3.09546670685061548940e-23	-5.10821273385585785494e-23	-8.13190113205553257029e-23	-1.17683506554206115691e-22	-1.42986589083035064926e-22	-1.19397296396106700737e-22	+7.22765322294236118723e-24	+2.67200990880797655034e-22	+5.87039112844666412787e-22	+7.45811987150605102237e-22	+5.63162415598252206518e-22	+2.48386254895962937059e-22	+1.77610831574412744254e-23	-8.00055984885021960248e-23	-9.12325238027430657727e-23	
-7.58565521123818654740e-25	-2.46370299787838556907e-24	-5.17270077002065734697e-24	-8.57572614370978730684e-24	-1.27453418654321406891e-23	-1.88196983319689446832e-23	-2.91305713608295187743e-23	-4.67070429272283526255e-23	-7.34217911940213688095e-23	-1.05889009166449990537e-22	-1.28726015945389343706e-22	-1.06883134941719789078e-22	+1.13618680576020876996e-23	+2.57073001712186381134e-22	+5.63162415598252206518e-22	+7.17577384803587717569e-22	+5.42589602307404049729e-22	+2.40857235262182125076e-22	+2.02695671300905201539e-23	-7.34577712552373431268e-23	
-6.47152987408456991275e-25	-2.08220727554230978296e-24	-4.30375359112411817033e-24	-6.93081176481284623124e-24	-9.70832000513380170767e-24	-1.30508776392324023634e-23	-1.82174500605194261904e-23	-2.72999223087016842253e-23	-4.29517984145106677822e-23	-6.68723234051708022831e-23	-9.61548991352310831644e-23	-1.16903109872176631158e-22	-9.64269458762369503105e-23	+1.48239619224709907086e-23	+2.48386254895962937059e-22	+5.42589602307404049729e-22	+6.93114717335003357810e-22	+5.24668442482276835799e-22	+2.34258403401777387188e-22	+2.24488693594945168142e-23	
-5.48417699471426390378e-25	-1.75928766195412165087e-24	-3.62651980736475754047e-24	-5.77136589472045228118e-24	-7.87677432565717365290e-24	-1.00326877711064593916e-23	-1.28343235878192943311e-23	-1.74271317473934516665e-23	-2.56158947622859165067e-23	-3.97390710856516112707e-23	-6.13673826810897420612e-23	-8.79975455130711993658e-23	-1.06965285286856958447e-22	-8.75818082983583111632e-23	+1.77610831574412744254e-23	+2.40857235262182125076e-22	+5.24668442482276835799e-22	+6.71706053144307840854e-22	+5.08930965963984422855e-22	+2.28437539852303610264e-22	
-4.55541022201057781876e-25	-1.48194877219389047713e-24	-3.06509323005780550891e-24	-4.85174437184193962340e-24	-6.54256472342611340753e-24	-8.13830625206655505924e-24	-9.90908181439511155720e-24	-1.24083174775303524488e-23	-1.66123976165638276553e-23	-2.40960999528119412864e-23	-3.69617838790268478020e-23	-5.66831748984531863893e-23	-8.10791187088527796274e-23	-9.85045917970006608758e-23	-8.00055984885021960248e-23	+2.02695671300905201539e-23	+2.34258403401777387188e-22	+5.08930965963984422855e-22	+6.52823048613742954568e-22	+4.94988862683923448941e-22	
-3.86067431689533877188e-25	-1.25240996767172707752e-24	-2.57898391445813494350e-24	-4.08373946851956324612e-24	-5.48169221348525534742e-24	-6.74158153071472784984e-24	-8.02705346532161679959e-24	-9.59754375925736715175e-24	-1.19135615588814303224e-23	-1.58228116821711446598e-23	-2.27298616047239197197e-23	-3.45428283250818197221e-23	-5.26469778473331383716e-23	-7.51377355799653551453e-23	-9.12325238027430657727e-23	-7.34577712552373431268e-23	+2.24488693594945168142e-23	+2.28437539852303610264e-22	+4.94988862683923448941e-22	+6.36040512577313687911e-22	

