+2.94661678901769168346e-22	+5.15243794463213564284e-22	+4.88833428559492822537e-22	+2.81444086339145730449e-22	+7.47885220870260593653e-23	-3.29113167390302632720e-23	-5.51623130310669939214e-23	-4.06205001387477922294e-23	-2.18408165064637466572e-23	-9.62914410518460813601e-24	-3.76494693210746206380e-24	-1.48790773182335938965e-24	-7.44424739991829495178e-25	-5.31305549571570922362e-25	-4.57518205405065474823e-25	-4.05303906225908921665e-25	-3.57366558466621732398e-25	-3.09612218552776050777e-25	-2.62506852109378679851e-25	-2.23584125841276046884e-25	
+5.15243794463213564284e-22	+1.11730080558868372531e-21	+1.26809185855676555467e-21	+8.85882424790245689383e-22	+3.51170459809777296332e-22	-5.23366695679373463194e-24	-1.30367475969223985575e-22	-1.22119772727937186570e-22	-7.61754024578304181263e-23	-3.79121085074902090121e-23	-1.63126888979393905806e-23	-6.66950927358849055824e-24	-3.07578941842700928868e-24	-1.90227095083839067771e-24	-1.50688777914077509549e-24	-1.30698573856352157302e-24	-1.14504965074705794937e-24	-9.91706880185593211303e-25	-8.48344259399267963421e-25	-7.21790840419215688163e-25	
+4.88833428559492822537e-22	+1.26809185855676555467e-21	+1.80681701284653476410e-21	+1.59380018079411966482e-21	+8.78775700311169908894e-22	+2.14712703985704849323e-22	-1.30619149903495900781e-22	-2.06889985835707696762e-22	-1.60024602405073451690e-22	-9.29380311080280323255e-23	-4.52074535633706660493e-23	-1.98998541489991782203e-23	-8.90504044351874741833e-24	-4.78365515307891527234e-24	-3.33375764035200434434e-24	-2.73283680295599559158e-24	-2.35259664991594475124e-24	-2.03324359214844538962e-24	-1.74532387389419920258e-24	-1.48261787833463718694e-24	
+2.81444086339145730449e-22	+8.85882424790245689383e-22	+1.59380018079411966482e-21	+1.85421921783539505130e-21	+1.40365648169360422432e-21	+6.45377231774120166473e-22	+5.98256220831526354293e-23	-1.99784566580104348487e-22	-2.27237485156984724792e-22	-1.62533121451011907179e-22	-9.21781003914704585677e-23	-4.52664739803845698137e-23	-2.09206481550469865765e-23	-1.03062768648946540474e-23	-6.17381968383386706753e-24	-4.55858274519661800832e-24	-3.76572838839907335712e-24	-3.21382205134466043177e-24	-2.74950661915528587477e-24	-2.33953604373967955090e-24	
+7.47885220870260593653e-23	+3.51170459809777296332e-22	+8.78775700311169908894e-22	+1.40365648169360422432e-21	+1.51287173290816182605e-21	+1.07136780150968939446e-21	+4.39291487179459110686e-22	-1.80881717228843734050e-23	-2.04905175476846750680e-22	-2.09336762010600091007e-22	-1.46117541584018608148e-22	-8.31523282420606614548e-23	-4.19293902194600521772e-23	-2.04651578521730273060e-23	-1.08975387078531758147e-23	-6.97224818395499363192e-24	-5.28236007350406582763e-24	-4.35817422148548899228e-24	-3.68616992046506925775e-24	-3.12756532840711922779e-24	
-3.29113167390302632720e-23	-5.23366695679373463194e-24	+2.14712703985704849323e-22	+6.45377231774120166473e-22	+1.07136780150968939446e-21	+1.16982939064690541873e-21	+8.24458083845873738497e-22	+3.24097229141215915320e-22	-3.68421206271216300375e-23	-1.81281110747553613793e-22	-1.80259532127804164432e-22	-1.25975763256178376734e-22	-7.28110949930300239362e-23	-3.78594740600250737989e-23	-1.93854538025615936899e-23	-1.09107828350392403840e-23	-7.25062666273951886790e-24	-5.55000675919247106380e-24	-4.55814415835365892149e-24	-3.82653384800547906625e-24	
-5.51623130310669939214e-23	-1.30367475969223985575e-22	-1.30619149903495900781e-22	+5.98256220831526354293e-23	+4.39291487179459110686e-22	+8.24458083845873738497e-22	+9.42235199678187740670e-22	+6.75617599810471018477e-22	+2.66267741173304677134e-22	-3.30522483074625830882e-23	-1.53777533072322328267e-22	-1.53438045022724834880e-22	-1.08351485872289876716e-22	-6.37699169096425840240e-23	-3.41118969353217323361e-23	-1.81532592232222734225e-23	-1.06202644308714883376e-23	-7.21756952141693735316e-24	-5.54609169982244857713e-24	-4.53236592903665814837e-24	
-4.06205001387477922294e-23	-1.22119772727937186570e-22	-2.06889985835707696762e-22	-1.99784566580104348487e-22	-1.80881717228843734050e-23	+3.24097229141215915320e-22	+6.75617599810471018477e-22	+8.00650906140842410647e-22	+5.83199064124546348052e-22	+2.33579686432920107533e-22	-2.48422503422782423607e-23	-1.30452689763162150856e-22	-1.31826249752528310882e-22	-9.42097612025473199950e-23	-5.63945848461893252620e-23	-3.09131252892594437152e-23	-1.69645860291182652969e-23	-1.02093044621558697978e-23	-7.04110320762673382517e-24	-5.41669240084657552696e-24	
-2.18408165064637466572e-23	-7.61754024578304181263e-23	-1.60024602405073451690e-22	-2.27237485156984724792e-22	-2.04905175476846750680e-22	-3.68421206271216300375e-23	+2.66267741173304677134e-22	+5.83199064124546348052e-22	+7.05903864433391355154e-22	+5.19613846904572769538e-22	+2.11645495462554914203e-22	-1.73460632248397884555e-23	-1.12002501631356037543e-22	-1.14826900780153886761e-22	-8.29804959479049512789e-23	-5.04189361104336110353e-23	-2.82215185915627377285e-23	-1.58828795487388944304e-23	-9.76859368400805066241e-24	-6.80678451168978392103e-24	
-9.62914410518460813601e-24	-3.79121085074902090121e-23	-9.29380311080280323255e-23	-1.62533121451011907179e-22	-2.09336762010600091007e-22	-1.81281110747553613793e-22	-3.30522483074625830882e-23	+2.33579686432920107533e-22	+5.19613846904572769538e-22	+6.37039911231699202966e-22	+4.72290271748649011178e-22	+1.95264574183038209753e-22	-1.12962840492283503308e-23	-9.74454686370672520888e-23	-1.01328820291978691413e-22	-7.39567489543402588638e-23	-4.55268129244873736976e-23	-2.59465935602578300943e-23	-1.49119348606043506298e-23	-9.33131951756007521534e-24	
-3.76494693210746206380e-24	-1.63126888979393905806e-23	-4.52074535633706660493e-23	-9.21781003914704585677e-23	-1.46117541584018608148e-22	-1.80259532127804164432e-22	-1.53777533072322328267e-22	-2.48422503422782423607e-23	+2.11645495462554914203e-22	+4.72290271748649011178e-22	+5.84253070524025764408e-22	+4.35432197769823420246e-22	+1.82380310580254696502e-22	-6.47387661952152411379e-24	-8.57874700895521195222e-23	-9.04327260304278719008e-23	-6.65888466649365012015e-23	-4.14613216766466356413e-23	-2.40005817256768960615e-23	-1.40407627449565503838e-23	
-1.48790773182335938965e-24	-6.66950927358849055824e-24	-1.98998541489991782203e-23	-4.52664739803845698137e-23	-8.31523282420606614548e-23	-1.25975763256178376734e-22	-1.53438045022724834880e-22	-1.30452689763162150856e-22	-1.73460632248397884555e-23	+1.95264574183038209753e-22	+4.35432197769823420246e-22	+5.42442485471428686706e-22	+4.05905116073663641128e-22	+1.71958135862719570307e-22	-2.58572479472594997945e-24	-7.62907604503498494377e-23	-8.14875393727337922020e-23	-6.04762127188673819865e-23	-3.80353026723177973895e-23	-2.23187852699010655967e-23	
-7.44424739991829495178e-25	-3.07578941842700928868e-24	-8.90504044351874741833e-24	-2.09206481550469865765e-23	-4.19293902194600521772e-23	-7.28110949930300239362e-23	-1.08351485872289876716e-22	-1.31826249752528310882e-22	-1.12002501631356037543e-22	-1.12962840492283503308e-23	+1.82380310580254696502e-22	+4.05905116073663641128e-22	+5.08553308677441796433e-22	+3.81753025501337049221e-22	+1.63358926110490772815e-22	+6.00811099392814111600e-25	-6.84284918536671802005e-23	-7.40345376486258316855e-23	-5.53368974209136147724e-23	-3.51104380318668618503e-23	
-5.31305549571570922362e-25	-1.90227095083839067771e-24	-4.78365515307891527234e-24	-1.03062768648946540474e-23	-2.04651578521730273060e-23	-3.78594740600250737989e-23	-6.37699169096425840240e-23	-9.42097612025473199950e-23	-1.14826900780153886761e-22	-9.74454686370672520888e-23	-6.47387661952152411379e-24	+1.71958135862719570307e-22	+3.81753025501337049221e-22	+4.80573205758094729797e-22	+3.61661609773527085448e-22	+1.56151705466632615045e-22	+3.24880126012767866849e-24	-6.18313490117572311909e-23	-6.77421881093123155578e-23	-5.09601651853244836566e-23	
-4.57518205405065474823e-25	-1.50688777914077509549e-24	-3.33375764035200434434e-24	-6.17381968383386706753e-24	-1.08975387078531758147e-23	-1.93854538025615936899e-23	-3.41118969353217323361e-23	-5.63945848461893252620e-23	-8.29804959479049512789e-23	-1.01328820291978691413e-22	-8.57874700895521195222e-23	-2.58572479472594997945e-24	+1.63358926110490772815e-22	+3.61661609773527085448e-22	+4.57111980793226936648e-22	+3.44701506546163571132e-22	+1.50023061029935147127e-22	+5.47750513363035931936e-24	-5.62246980085908683475e-23	-6.23707545659673152883e-23	
-4.05303906225908921665e-25	-1.30698573856352157302e-24	-2.73283680295599559158e-24	-4.55858274519661800832e-24	-6.97224818395499363192e-24	-1.09107828350392403840e-23	-1.81532592232222734225e-23	-3.09131252892594437152e-23	-5.04189361104336110353e-23	-7.39567489543402588638e-23	-9.04327260304278719008e-23	-7.62907604503498494377e-23	+6.00811099392814111600e-25	+1.56151705466632615045e-22	+3.44701506546163571132e-22	+4.37169079031691663043e-22	+3.30202686777915247619e-22	+1.44751304215967783388e-22	+7.37189668976890148258e-24	-5.14108067293849268852e-23	
-3.57366558466621732398e-25	-1.14504965074705794937e-24	-2.35259664991594475124e-24	-3.76572838839907335712e-24	-5.28236007350406582763e-24	-7.25062666273951886790e-24	-1.06202644308714883376e-23	-1.69645860291182652969e-23	-2.82215185915627377285e-23	-4.55268129244873736976e-23	-6.65888466649365012015e-23	-8.14875393727337922020e-23	-6.84284918536671802005e-23	+3.24880126012767866849e-24	+1.50023061029935147127e-22	+3.30202686777915247619e-22	+4.20019818207051381547e-22	+3.17668034056358174096e-22	+1.40166032019062538911e-22	+9.00420974287954408631e-24	
-3.09612218552776050777e-25	-9.91706880185593211303e-25	-2.03324359214844538962e-24	-3.21382205134466043177e-24	-4.35817422148548899228e-24	-5.55000675919247106380e-24	-7.21756952141693735316e-24	-1.02093044621558697978e-23	-1.58828795487388944304e-23	-2.59465935602578300943e-23	-4.14613216766466356413e-23	-6.04762127188673819865e-23	-7.40345376486258316855e-23	-6.18313490117572311909e-23	+5.47750513363035931936e-24	+1.44751304215967783388e-22	+3.17668034056358174096e-22	+4.05118119316582410490e-22	+3.06732068583970431378e-22	+1.36146286237503968531e-22	
-2.62506852109378679851e-25	-8.48344259399267963421e-25	-1.74532387389419920258e-24	-2.74950661915528587477e-24	-3.68616992046506925775e-24	-4.55814415835365892149e-24	-5.54609169982244857713e-24	-7.04110320762673382517e-24	-9.76859368400805066241e-24	-1.49119348606043506298e-23	-2.40005817256768960615e-23	-3.80353026723177973895e-23	-5.53368974209136147724e-23	-6.77421881093123155578e-23	-5.62246980085908683475e-23	+7.37189668976890148258e-24	+1.40166032019062538911e-22	+3.06732068583970431378e-22	+3.92057178079077752827e-22	+2.97105878767899693402e-22	
-2.23584125841276046884e-25	-7.21790840419215688163e-25	-1.48261787833463718694e-24	-2.33953604373967955090e-24	-3.12756532840711922779e-24	-3.82653384800547906625e-24	-4.53236592903665814837e-24	-5.41669240084657552696e-24	-6.80678451168978392103e-24	-9.33131951756007521534e-24	-1.40407627449565503838e-23	-2.23187852699010655967e-23	-3.51104380318668618503e-23	-5.09601651853244836566e-23	-6.23707545659673152883e-23	-5.14108067293849268852e-23	+9.00420974287954408631e-24	+1.36146286237503968531e-22	+2.97105878767899693402e-22	+3.80517042746961279007e-22	

